

numberOfLevel=6

"LEVEL 1"


landerX1=1000
landerY1=80




terrainX1=0 260 410 410 615 615 576 572 465 465 617 617 658 658 771 1280

terrainY1=720 576 576 430 430 513 513 479 479 645 645 604 604 645 645 720 

landing1X1=300
landing1Y1=500
landing1Width1=80
landing1Height1=20
landing1Multiplier1=1

landingShape1X1=300
landingShape1Y1=500
landingShape1Width1=80
landingShape1Height1=20


landing2X1=520
landing2Y1=635
landing2Width1=80
landing2Height1=10
landing2Multiplier1=3

landingShape2X1=520
landingShape2Y1=635
landingShape2Width1=80
landingShape2Height1=10

fuelAmount1=150
fuelVel1=2
fuelX1=500
fuelY1=200
fuelWidth1=32
fuelHeight1=32

"LEVEL 2"

landerX2=500
landerY2=100

terrainX2=0 121 193 333 372 513 568 598 712 766 784 835 856 884 912 946 967 988 997 1015 1044 1057 1093 1100 1121 1120 1130 1143 1166 1215 1245 1270 1276 1280 
terrainY2=720 540 625 624 423 301 307 510 519 426 396 379 380 345 327 332 347 354 397 419 395 389 368 346 345 338 302 255 228 222 223 224 224 720 
 


landing1X2=195
landing1Y2=605
landing1Width2=80
landing1Height2=20
landing1Multiplier2=1

landingShape1X2=195
landingShape1Y2=605
landingShape1Width2=80
landingShape1Height2=20


landing2X2=1200
landing2Y2=212
landing2Width2=40
landing2Height2=10
landing2Multiplier2=3

landingShape2X2=1180
landingShape2Y2=212
landingShape2Width2=40
landingShape2Height2=10

fuelAmount2=150
fuelVel2=2
fuelX2=500
fuelY2=200
fuelWidth2=32
fuelHeight2=32

"LEVEL 3"


landerX3=1200
landerY3=50


terrainX3=0 17 31 23 26 24 21 53 97 125 165 195 215 252 305 330 321 298 274 228 194 170 147 125 120 118 120 132 145 184 221 251 277 296 318 327 324 314 290 251 236 214 172 138 125 119 116 109 108 112 142 179 220 253 283 300 317 317 341 359 364 360 356 356 356 356 356 361 365 362 360 366 394 414 436 432 431 428 428 434 431 424 419 427 444 478 499 511 533 558 579 624 638 642 640 632 609 583 545 517 492 466 444 430 416 628 661 663 666 662 663 665 660 654 658 664 661 658 674 700 718 730 735 735 734 731 731 732 732 732 736 751 770 784 803 827 847 857 865 881 907 912 921 906 893 856 835 816 799 785 781 764 763 760 755 784 796 822 841 872 887 903 913 922 930 940 942 935 911 892 872 846 839 827 816 807 801 792 786 776 756 748 748 752 753 754 751 750 749 731 721 746 749 752 750 753 769 789 836 860 903 924 934 949 971 971 973 978 980 986 988 992 1000 1008 1010 1013 1013 1016 1034 1040 1057 1079 1085 1097 1109 1134 1154 1159 1166 1181 1196 1209 1236 1245 1247 1247 1233 1204 1193 1187 1177 1174 1166 1152 1140 1115 1098 1073 1054 1046 1039 1043 1044 1041 1037 1034 1028 1017 1005 997 1027 1041 1040 1040 1045 1044 1075 1085 1105 1116 1123 1132 1188 1232 1280 

terrainY3=720 618 556 506 451 381 322 305 310 311 306 311 312 314 316 328 363 380 386 386 382 382 387 397 413 440 469 482 486 489 487 486 484 483 484 498 516 542 553 561 566 569 569 567 567 576 598 620 635 649 649 649 649 650 647 647 647 647 649 649 643 620 605 575 536 496 459 414 373 339 320 313 310 313 315 333 392 418 434 476 517 549 581 591 590 587 586 586 586 586 586 584 592 615 637 646 647 647 645 646 651 651 651 650 648 647 650 641 613 606 567 533 495 448 387 342 324 312 308 305 303 303 307 319 342 366 394 408 420 421 424 418 388 368 348 330 315 309 304 302 300 300 323 355 362 386 398 410 420 434 438 453 455 473 496 525 527 541 550 579 596 608 617 624 632 642 643 656 656 655 653 649 642 637 627 618 610 600 595 583 565 556 559 583 596 626 641 647 653 652 651 651 632 612 592 563 574 600 640 646 653 655 657 661 661 655 628 599 576 518 487 440 392 365 342 325 319 314 304 296 298 309 314 338 356 394 448 477 502 528 560 583 633 658 663 668 675 672 671 666 643 626 609 577 552 474 444 411 402 439 487 537 571 619 638 647 657 661 661 661 657 631 600 557 530 524 524 524 524 523 523 523 668 675 720 

"Green platorm"
landing1Multiplier3=1

landing1X3=500
landing1Y3=550
landing1Width3=80
landing1Height3=20


landingShape1X3=500
landingShape1Y3=550
landingShape1Width3=80
landingShape1Height3=20

"Red platorm"
landing2Multiplier3=3
landing2X3=825
landing2Y3=505
landing2Width3=40
landing2Height3=10

landingShape2X3=825
landingShape2Y3=505
landingShape2Width3=40
landingShape2Height3=10

fuelAmount3=150
fuelVel3=2
fuelX3=500
fuelY3=200
fuelWidth3=32
fuelHeight3=32

"LEVEL 4"
landerX4=500
landerY4=100

terrainX4=0 6 60 79 84 74 75 76 285 405 488 607 603 602 653 720 780 865 893 891 891 891 881 880 839 777 720 658 590 579 581 583 565 513 473 402 371 345 290 260 208 201 201 212 238 266 298 331 361 412 444 473 492 494 493 492 492 550 607 646 682 730 754 781 805 826 937 942 951 954 948 943 942 950 971 1004 1025 1037 1084 1102 1136 1183 1196 1224 1247 1243 1248 1280 
terrainY4=720 38 40 44 84 136 177 676 682 681 675 682 632 604 594 597 599 594 595 561 493 432 351 281 283 290 295 295 302 325 376 412 443 446 453 449 449 452 458 463 445 418 392 365 362 363 367 370 371 371 371 369 360 312 289 254 234 220 223 227 228 223 220 219 219 219 221 259 316 398 486 545 583 601 611 618 623 625 629 629 629 632 106 115 137 183 293 720 


landing1X4=1000
landing1Y4=600
landing1Width4=60
landing1Height4=20
landing1Multiplier4=1

landingShape1X4=1000
landingShape1Y4=600
landingShape1Width4=60
landingShape1Height4=20


landing2X4=800
landing2Y4=583
landing2Width4=40
landing2Height4=10
landing2Multiplier4=3

landingShape2X4=800
landingShape2Y4=583
landingShape2Width4=40
landingShape2Height4=10

fuelAmount4=120
fuelVel4=2
fuelX4=500
fuelY4=200
fuelWidth4=32
fuelHeight4=32

"LEVEL 5"
landerX5=500
landerY5=100

terrainX5=0 27 205 88 207 89 232 32 187 46 285 370 455 620 686 823 876 1008 1129 1186 1111 1206 930 1214 886 1205 1280 
terrainY5=720 16 76 173 254 342 435 536 596 670 631 499 705 500 707 509 704 500 694 494 459 352 432 209 288 71 720 


landing1X5=180
landing1Y5=615
landing1Width5=60
landing1Height5=20
landing1Multiplier5=1

landingShape1X5=180
landingShape1Y5=615
landingShape1Width5=60
landingShape1Height5=20


landing2X5=1100
landing2Y5=600
landing2Width5=40
landing2Height5=10
landing2Multiplier5=3

landingShape2X5=1100
landingShape2Y5=600
landingShape2Width5=40
landingShape2Height5=10

fuelAmount5=80
fuelVel5=2
fuelX5=500
fuelY5=200
fuelWidth5=32
fuelHeight5=32

"LEVEL 6"
landerX6=100
landerY6=100

terrainX6=0 619 799 999 1125 1173 1118 942 820 710 629 537 457 417 212 195 320 411 502 573 658 736 812 887 914 953 944 923 869 774 669 579 543 544 582 555 525 524 528 538 571 620 659 697 743 781 812 832 876 892 915 953 963 966 964 955 946 930 905 920 921 883 851 839 804 778 748 733 686 655 633 587 517 471 447 389 341 278 237 215 196 183 180 180 186 201 245 318 347 408 487 580 647 691 763 808 873 906 940 992 1033 1085 1122 1152 1169 1184 1201 1205 1179 1162 1147 1100 1098 1089 1280 
terrainY6=720 620 674 649 510 324 126 31 33 35 40 64 85 116 389 442 465 469 470 475 499 514 513 471 390 327 232 191 168 149 170 213 262 314 360 373 345 313 251 229 195 172 156 150 144 138 142 145 151 157 171 204 227 270 321 388 430 462 491 513 529 527 524 533 537 541 536 533 529 520 519 512 507 507 506 503 503 502 500 497 487 463 451 427 402 364 330 211 173 98 59 33 27 22 18 17 14 14 16 25 43 69 104 149 205 269 330 400 465 501 534 598 619 641 720 


landing1X6=915
landing1Y6=485
landing1Width6=60
landing1Height6=20
landing1Multiplier6=1

landingShape1X6=1915
landingShape1Y6=485
landingShape1Width6=60
landingShape1Height6=20


landing2X6=700
landing2Y6=300
landing2Width6=40
landing2Height6=10
landing2Multiplier6=3

landingShape2X6=700
landingShape2Y6=300
landingShape2Width6=40
landingShape2Height6=10

fuelAmount6=240
fuelVel6=2
fuelX6=500
fuelY6=200
fuelWidth6=32
fuelHeight6=32


